nn, field_size, field_points, lp, hp ,L_0, elevation, wavel, num_guide_stars, gsdiam, H, numactuators openFWHM, avFWHM, stdFWHM, maxFWHM, minFWHM 
251, 9.00, 81, 1, 1,  30.00, 60.00, 0.320, 6, 16.0, 99000, 4000,  0.753, 0.464, 0.004, 0.469, 0.452 
251, 9.00, 81, 1, 1,  30.00, 60.00, 0.320, 6, 16.0, 99000, 2000,  0.753, 0.509, 0.003, 0.513, 0.498 
251, 9.00, 81, 1, 1,  30.00, 60.00, 0.320, 6, 16.0, 99000, 500,  0.753, 0.590, 0.003, 0.594, 0.583 
251, 9.00, 81, 1, 1,  30.00, 60.00, 0.320, 6, 16.0, 99000, 5000,  0.753, 0.451, 0.004, 0.456, 0.438 
251, 9.00, 81, 1, 1,  30.00, 60.00, 0.320, 6, 16.0, 99000, 6000,  0.753, 0.441, 0.004, 0.447, 0.429 
251, 9.00, 81, 1, 1,  30.00, 60.00, 0.320, 6, 16.0, 99000, 200,  0.753, 0.633, 0.003, 0.636, 0.627 
251, 9.00, 81, 1, 1,  30.00, 60.00, 0.320, 6, 16.0, 99000, 1000,  0.753, 0.552, 0.003, 0.556, 0.544 
251, 9.00, 81, 1, 1,  30.00, 60.00, 0.320, 6, 16.0, 99000, 3000,  0.753, 0.482, 0.004, 0.487, 0.470 
251, 9.00, 81, 1, 1,  30.00, 60.00, 0.800, 6, 16.0, 99000, 3000,  0.573, 0.276, 0.006, 0.284, 0.262 
251, 9.00, 81, 1, 1,  30.00, 60.00, 0.800, 6, 16.0, 99000, 2000,  0.573, 0.276, 0.006, 0.283, 0.261 
251, 9.00, 81, 1, 1,  30.00, 60.00, 0.800, 6, 16.0, 99000, 1000,  0.573, 0.286, 0.006, 0.294, 0.270 
251, 9.00, 81, 1, 1,  30.00, 60.00, 0.800, 6, 16.0, 99000, 200,  0.573, 0.387, 0.005, 0.394, 0.375 
251, 9.00, 81, 1, 1,  30.00, 60.00, 0.800, 6, 16.0, 99000, 500,  0.573, 0.320, 0.007, 0.329, 0.304 
251, 9.00, 81, 1, 1,  30.00, 60.00, 0.800, 6, 16.0, 99000, 5000,  0.573, 0.279, 0.006, 0.286, 0.264 
251, 9.00, 81, 1, 1,  30.00, 60.00, 0.800, 6, 16.0, 99000, 6000,  0.573, 0.279, 0.006, 0.287, 0.265 
251, 9.00, 81, 1, 1,  30.00, 60.00, 0.800, 6, 16.0, 99000, 4000,  0.573, 0.278, 0.006, 0.285, 0.263 
251, 9.00, 81, 1, 1,  30.00, 60.00, 0.500, 6, 16.0, 99000, 1000,  0.665, 0.420, 0.005, 0.427, 0.408 
251, 9.00, 81, 1, 1,  30.00, 60.00, 0.500, 6, 16.0, 99000, 500,  0.665, 0.468, 0.004, 0.473, 0.458 
251, 9.00, 81, 1, 1,  30.00, 60.00, 0.500, 6, 16.0, 99000, 200,  0.665, 0.522, 0.003, 0.527, 0.515 
251, 9.00, 81, 1, 1,  30.00, 60.00, 0.500, 6, 16.0, 99000, 2000,  0.665, 0.376, 0.005, 0.382, 0.361 
251, 9.00, 81, 1, 1,  30.00, 60.00, 0.500, 6, 16.0, 99000, 4000,  0.665, 0.349, 0.005, 0.355, 0.335 
251, 9.00, 81, 1, 1,  30.00, 60.00, 0.500, 6, 16.0, 99000, 3000,  0.665, 0.357, 0.005, 0.363, 0.343 
251, 9.00, 81, 1, 1,  30.00, 60.00, 0.500, 6, 16.0, 99000, 5000,  0.665, 0.345, 0.005, 0.351, 0.331 
251, 9.00, 81, 1, 1,  30.00, 60.00, 0.500, 6, 16.0, 99000, 6000,  0.665, 0.343, 0.005, 0.349, 0.330 
