nn, field_size, field_points, lp, hp ,L_0, elevation, wavel, num_guide_stars, gsdiam, H, numactuators openFWHM, avFWHM, stdFWHM, maxFWHM, minFWHM 
51, 9.00, 81, 1, 1,  30.00, 60.00, 0.600, 6, 16.0, 99000, 2000,  2.503, 0.331, 0.007, 0.340, 0.312 
51, 9.00, 81, 1, 1,  30.00, 60.00, 0.900, 6, 16.0, 99000, 2000,  0.573, 0.259, 0.006, 0.270, 0.244 
51, 9.00, 81, 1, 1,  30.00, 60.00, 1.000, 6, 16.0, 99000, 2000,  0.529, 0.248, 0.013, 0.288, 0.231 
51, 9.00, 81, 1, 1,  30.00, 60.00, 0.400, 6, 16.0, 99000, 2000,  30410700172771561192600337346665119744.000, 1.362, 0.094, 1.497, 1.106 
51, 9.00, 81, 1, 1,  30.00, 60.00, 0.800, 6, 16.0, 99000, 2000,  0.670, 0.274, 0.006, 0.282, 0.259 
51, 9.00, 81, 1, 1,  30.00, 60.00, 0.320, 6, 16.0, 99000, 2000,  inf, 931.672, 385.591, 1674.028, 219.711 
51, 9.00, 81, 1, 1,  30.00, 60.00, 0.500, 6, 16.0, 99000, 2000,  318.121, 0.443, 0.013, 0.460, 0.408 
51, 9.00, 81, 1, 1,  30.00, 60.00, 0.700, 6, 16.0, 99000, 2000,  0.949, 0.294, 0.006, 0.302, 0.279 
101, 9.00, 81, 1, 1,  30.00, 60.00, 0.400, 6, 16.0, 99000, 2000,  1.310, 0.446, 0.006, 0.454, 0.429 
101, 9.00, 81, 1, 1,  30.00, 60.00, 1.000, 6, 16.0, 99000, 2000,  0.528, 0.246, 0.007, 0.255, 0.231 
101, 9.00, 81, 1, 1,  30.00, 60.00, 0.800, 6, 16.0, 99000, 2000,  0.568, 0.275, 0.006, 0.283, 0.260 
101, 9.00, 81, 1, 1,  30.00, 60.00, 0.700, 6, 16.0, 99000, 2000,  0.592, 0.295, 0.006, 0.303, 0.281 
101, 9.00, 81, 1, 1,  30.00, 60.00, 0.900, 6, 16.0, 99000, 2000,  0.547, 0.259, 0.006, 0.268, 0.245 
101, 9.00, 81, 1, 1,  30.00, 60.00, 0.600, 6, 16.0, 99000, 2000,  0.631, 0.323, 0.005, 0.330, 0.308 
101, 9.00, 81, 1, 1,  30.00, 60.00, 0.500, 6, 16.0, 99000, 2000,  0.737, 0.364, 0.005, 0.371, 0.349 
101, 9.00, 81, 1, 1,  30.00, 60.00, 0.320, 6, 16.0, 99000, 2000,  17.735, 0.716, 0.014, 0.735, 0.675 
151, 9.00, 81, 1, 1,  30.00, 60.00, 0.600, 6, 16.0, 99000, 2000,  0.625, 0.327, 0.005, 0.334, 0.312 
151, 9.00, 81, 1, 1,  30.00, 60.00, 0.500, 6, 16.0, 99000, 2000,  0.660, 0.371, 0.005, 0.378, 0.357 
151, 9.00, 81, 1, 1,  30.00, 60.00, 0.400, 6, 16.0, 99000, 2000,  0.738, 0.432, 0.004, 0.438, 0.419 
151, 9.00, 81, 1, 1,  30.00, 60.00, 0.320, 6, 16.0, 99000, 2000,  1.044, 0.516, 0.005, 0.522, 0.503 
151, 9.00, 81, 1, 1,  30.00, 60.00, 0.800, 6, 16.0, 99000, 2000,  0.572, 0.275, 0.006, 0.283, 0.261 
151, 9.00, 81, 1, 1,  30.00, 60.00, 0.700, 6, 16.0, 99000, 2000,  0.597, 0.297, 0.006, 0.304, 0.282 
151, 9.00, 81, 1, 1,  30.00, 60.00, 0.900, 6, 16.0, 99000, 2000,  0.549, 0.259, 0.006, 0.268, 0.245 
151, 9.00, 81, 1, 1,  30.00, 60.00, 1.000, 6, 16.0, 99000, 2000,  0.529, 0.246, 0.007, 0.255, 0.231 
251, 9.00, 81, 1, 1,  30.00, 60.00, 0.320, 6, 16.0, 99000, 2000,  0.753, 0.509, 0.003, 0.513, 0.498
251, 9.00, 81, 1, 1,  30.00, 60.00, 0.800, 6, 16.0, 99000, 2000,  0.573, 0.276, 0.006, 0.283, 0.261
251, 9.00, 81, 1, 1,  30.00, 60.00, 0.500, 6, 16.0, 99000, 2000,  0.665, 0.376, 0.005, 0.382, 0.361
251, 9.00, 81, 1, 1,  30.00, 60.00, 0.600, 6, 16.0, 99000, 2000,  0.629, 0.328, 0.005, 0.336, 0.314
251, 9.00, 81, 1, 1,  30.00, 60.00, 1.000, 6, 16.0, 99000, 2000,  0.529, 0.246, 0.007, 0.255, 0.231
251, 9.00, 81, 1, 1,  30.00, 60.00, 0.400, 6, 16.0, 99000, 2000,  0.707, 0.442, 0.004, 0.448, 0.430
251, 9.00, 81, 1, 1,  30.00, 60.00, 0.700, 6, 16.0, 99000, 2000,  0.599, 0.297, 0.006, 0.305, 0.282
251, 9.00, 81, 1, 1,  30.00, 60.00, 0.900, 6, 16.0, 99000, 2000,  0.550, 0.259, 0.006, 0.268, 0.245
